0.516894544184865
0.3953586902518824
0.17522101892817366
0.4248075552852344
0.9493440884323171
0.13539372120780846
0.7026661463662234
0.5597993251808611
0.6388504223138096
0.40912081060738936
0.6069856367711913
0.3734555679820868
0.061450638788802414
0.29252247137507925
0.505806577535701
0.8524195947496418
0.43620386597870153
0.5837975732790889
0.40105334398422965
0.2976620506781964
0.6860485360038071
0.17525334438789264
0.9586414414598605
0.3961491707247137
0.6209962765005789
0.9526870173772553
0.5481210676434919
0.5584190740205354
0.7667889106532356
0.8536353595907017
0.6651035920837636
0.3726829546863192
0.7318710880656287
0.5371592246491754
0.09465584136048688
0.7379814349875938
0.2565082401078037
0.9703695110787475
0.1904483920975769
0.48209063285887477
0.12010528159581602
0.12068985422757417
0.9422961426716533
0.044286735813996336
0.8962591334656113
0.8578904438085185
0.08383015686585349
0.10874175422517085
0.13980348655235397
0.11621650602847522
0.35239241224930873
0.9112370214223219
0.966081869144286
0.3444739482285588
0.15484567901227198
0.31004564619434904
0.13991092282569995
0.28072392699926096
0.31584281802912195
0.6112484934084061
0.7301728124891556
0.12827665457248527
0.28920141270773836
0.5694126653808402
0.10570160250382443
0.2809646592882745
0.19838079301059808
0.9464757627470503
0.5491062319093905
0.848213983855819
0.33866043849905325
0.5048426887302877
0.047397604088180056
0.36422110728382695
0.32147043217751725
0.33511636205229134
0.881765469535218
0.2305828931806817
0.8704253928452783
0.9745474394071838
0.48357620402756796
0.6380152277131803
0.3889661655361092
0.8592022999341223
0.6496398135447984
0.9403353904335762
0.8111137439693248
0.27101275384592294
0.617020670688748
0.7126725126533637
0.9196926362557102
0.09028463905613981
0.6861433783311519
0.015909110111143376
0.2704815609389948
0.3449070044003866
0.0506712895671535
0.7106459406531734
0.09610147658116586